{
 "cells": [
  {
   "cell_type": "markdown",
   "metadata": {},
   "source": [
    "# PROJET ANALYSE FINANCIERE"
   ]
  },
  {
   "cell_type": "markdown",
   "metadata": {},
   "source": [
    "scrapper des données financières sur internet , ici via selenium\n",
    "\n",
    "    nb : charger le geodriver.exe au même endroit que le notebook (cf installation selenium)\n",
    "    détail des opé dans apple"
   ]
  },
  {
   "cell_type": "markdown",
   "metadata": {},
   "source": [
    "SOURCES :\n",
    "https://selenium-python.readthedocs.io/installation.html\n",
    "\n",
    "https://www.selenium.dev/documentation/fr/webdriver/locating_elements/\n",
    "\n",
    "https://www.ionos.fr/digitalguide/sites-internet/developpement-web/tutoriel-selenium-webdriver/\n",
    "\n",
    "https://pythonexamples.org/python-re-findall/"
   ]
  },
  {
   "cell_type": "markdown",
   "metadata": {},
   "source": [
    "site de référence : https://www.nasdaq.com/market-activity/stocks/aapl/historical"
   ]
  },
  {
   "cell_type": "code",
   "execution_count": 7,
   "metadata": {},
   "outputs": [],
   "source": [
    "#Importing packages\n",
    "from selenium import webdriver\n",
    "import pandas as pd\n",
    "from time import sleep\n",
    "driver = webdriver.Firefox(executable_path = \"geckodriver.exe\")"
   ]
  },
  {
   "cell_type": "code",
   "execution_count": 8,
   "metadata": {},
   "outputs": [
    {
     "ename": "ElementClickInterceptedException",
     "evalue": "Message: Element <button class=\"pagination__next\"> is not clickable at point (805,384) because another element <div id=\"_evidon_banner\" class=\"evidon-banner\"> obscures it\n",
     "output_type": "error",
     "traceback": [
      "\u001b[1;31m---------------------------------------------------------------------------\u001b[0m",
      "\u001b[1;31mElementClickInterceptedException\u001b[0m          Traceback (most recent call last)",
      "\u001b[1;32m<ipython-input-8-769cb245ae37>\u001b[0m in \u001b[0;36m<module>\u001b[1;34m\u001b[0m\n\u001b[0;32m     43\u001b[0m     \u001b[1;31m# Sinon, on clique sur l'élément pour aller à la page suivante et continuer le scrapping.\u001b[0m\u001b[1;33m\u001b[0m\u001b[1;33m\u001b[0m\u001b[1;33m\u001b[0m\u001b[0m\n\u001b[0;32m     44\u001b[0m     \u001b[1;32melse\u001b[0m\u001b[1;33m:\u001b[0m\u001b[1;33m\u001b[0m\u001b[1;33m\u001b[0m\u001b[0m\n\u001b[1;32m---> 45\u001b[1;33m         \u001b[0mnext_page\u001b[0m\u001b[1;33m.\u001b[0m\u001b[0mclick\u001b[0m\u001b[1;33m(\u001b[0m\u001b[1;33m)\u001b[0m\u001b[1;33m\u001b[0m\u001b[1;33m\u001b[0m\u001b[0m\n\u001b[0m\u001b[0;32m     46\u001b[0m     \u001b[0msleep\u001b[0m\u001b[1;33m(\u001b[0m\u001b[1;36m6\u001b[0m\u001b[1;33m)\u001b[0m\u001b[1;33m\u001b[0m\u001b[1;33m\u001b[0m\u001b[0m\n\u001b[0;32m     47\u001b[0m \u001b[1;31m# J'affiche le dataframe\u001b[0m\u001b[1;33m\u001b[0m\u001b[1;33m\u001b[0m\u001b[1;33m\u001b[0m\u001b[0m\n",
      "\u001b[1;32m~\\anaconda3\\lib\\site-packages\\selenium\\webdriver\\remote\\webelement.py\u001b[0m in \u001b[0;36mclick\u001b[1;34m(self)\u001b[0m\n\u001b[0;32m     78\u001b[0m     \u001b[1;32mdef\u001b[0m \u001b[0mclick\u001b[0m\u001b[1;33m(\u001b[0m\u001b[0mself\u001b[0m\u001b[1;33m)\u001b[0m\u001b[1;33m:\u001b[0m\u001b[1;33m\u001b[0m\u001b[1;33m\u001b[0m\u001b[0m\n\u001b[0;32m     79\u001b[0m         \u001b[1;34m\"\"\"Clicks the element.\"\"\"\u001b[0m\u001b[1;33m\u001b[0m\u001b[1;33m\u001b[0m\u001b[0m\n\u001b[1;32m---> 80\u001b[1;33m         \u001b[0mself\u001b[0m\u001b[1;33m.\u001b[0m\u001b[0m_execute\u001b[0m\u001b[1;33m(\u001b[0m\u001b[0mCommand\u001b[0m\u001b[1;33m.\u001b[0m\u001b[0mCLICK_ELEMENT\u001b[0m\u001b[1;33m)\u001b[0m\u001b[1;33m\u001b[0m\u001b[1;33m\u001b[0m\u001b[0m\n\u001b[0m\u001b[0;32m     81\u001b[0m \u001b[1;33m\u001b[0m\u001b[0m\n\u001b[0;32m     82\u001b[0m     \u001b[1;32mdef\u001b[0m \u001b[0msubmit\u001b[0m\u001b[1;33m(\u001b[0m\u001b[0mself\u001b[0m\u001b[1;33m)\u001b[0m\u001b[1;33m:\u001b[0m\u001b[1;33m\u001b[0m\u001b[1;33m\u001b[0m\u001b[0m\n",
      "\u001b[1;32m~\\anaconda3\\lib\\site-packages\\selenium\\webdriver\\remote\\webelement.py\u001b[0m in \u001b[0;36m_execute\u001b[1;34m(self, command, params)\u001b[0m\n\u001b[0;32m    631\u001b[0m             \u001b[0mparams\u001b[0m \u001b[1;33m=\u001b[0m \u001b[1;33m{\u001b[0m\u001b[1;33m}\u001b[0m\u001b[1;33m\u001b[0m\u001b[1;33m\u001b[0m\u001b[0m\n\u001b[0;32m    632\u001b[0m         \u001b[0mparams\u001b[0m\u001b[1;33m[\u001b[0m\u001b[1;34m'id'\u001b[0m\u001b[1;33m]\u001b[0m \u001b[1;33m=\u001b[0m \u001b[0mself\u001b[0m\u001b[1;33m.\u001b[0m\u001b[0m_id\u001b[0m\u001b[1;33m\u001b[0m\u001b[1;33m\u001b[0m\u001b[0m\n\u001b[1;32m--> 633\u001b[1;33m         \u001b[1;32mreturn\u001b[0m \u001b[0mself\u001b[0m\u001b[1;33m.\u001b[0m\u001b[0m_parent\u001b[0m\u001b[1;33m.\u001b[0m\u001b[0mexecute\u001b[0m\u001b[1;33m(\u001b[0m\u001b[0mcommand\u001b[0m\u001b[1;33m,\u001b[0m \u001b[0mparams\u001b[0m\u001b[1;33m)\u001b[0m\u001b[1;33m\u001b[0m\u001b[1;33m\u001b[0m\u001b[0m\n\u001b[0m\u001b[0;32m    634\u001b[0m \u001b[1;33m\u001b[0m\u001b[0m\n\u001b[0;32m    635\u001b[0m     \u001b[1;32mdef\u001b[0m \u001b[0mfind_element\u001b[0m\u001b[1;33m(\u001b[0m\u001b[0mself\u001b[0m\u001b[1;33m,\u001b[0m \u001b[0mby\u001b[0m\u001b[1;33m=\u001b[0m\u001b[0mBy\u001b[0m\u001b[1;33m.\u001b[0m\u001b[0mID\u001b[0m\u001b[1;33m,\u001b[0m \u001b[0mvalue\u001b[0m\u001b[1;33m=\u001b[0m\u001b[1;32mNone\u001b[0m\u001b[1;33m)\u001b[0m\u001b[1;33m:\u001b[0m\u001b[1;33m\u001b[0m\u001b[1;33m\u001b[0m\u001b[0m\n",
      "\u001b[1;32m~\\anaconda3\\lib\\site-packages\\selenium\\webdriver\\remote\\webdriver.py\u001b[0m in \u001b[0;36mexecute\u001b[1;34m(self, driver_command, params)\u001b[0m\n\u001b[0;32m    319\u001b[0m         \u001b[0mresponse\u001b[0m \u001b[1;33m=\u001b[0m \u001b[0mself\u001b[0m\u001b[1;33m.\u001b[0m\u001b[0mcommand_executor\u001b[0m\u001b[1;33m.\u001b[0m\u001b[0mexecute\u001b[0m\u001b[1;33m(\u001b[0m\u001b[0mdriver_command\u001b[0m\u001b[1;33m,\u001b[0m \u001b[0mparams\u001b[0m\u001b[1;33m)\u001b[0m\u001b[1;33m\u001b[0m\u001b[1;33m\u001b[0m\u001b[0m\n\u001b[0;32m    320\u001b[0m         \u001b[1;32mif\u001b[0m \u001b[0mresponse\u001b[0m\u001b[1;33m:\u001b[0m\u001b[1;33m\u001b[0m\u001b[1;33m\u001b[0m\u001b[0m\n\u001b[1;32m--> 321\u001b[1;33m             \u001b[0mself\u001b[0m\u001b[1;33m.\u001b[0m\u001b[0merror_handler\u001b[0m\u001b[1;33m.\u001b[0m\u001b[0mcheck_response\u001b[0m\u001b[1;33m(\u001b[0m\u001b[0mresponse\u001b[0m\u001b[1;33m)\u001b[0m\u001b[1;33m\u001b[0m\u001b[1;33m\u001b[0m\u001b[0m\n\u001b[0m\u001b[0;32m    322\u001b[0m             response['value'] = self._unwrap_value(\n\u001b[0;32m    323\u001b[0m                 response.get('value', None))\n",
      "\u001b[1;32m~\\anaconda3\\lib\\site-packages\\selenium\\webdriver\\remote\\errorhandler.py\u001b[0m in \u001b[0;36mcheck_response\u001b[1;34m(self, response)\u001b[0m\n\u001b[0;32m    240\u001b[0m                 \u001b[0malert_text\u001b[0m \u001b[1;33m=\u001b[0m \u001b[0mvalue\u001b[0m\u001b[1;33m[\u001b[0m\u001b[1;34m'alert'\u001b[0m\u001b[1;33m]\u001b[0m\u001b[1;33m.\u001b[0m\u001b[0mget\u001b[0m\u001b[1;33m(\u001b[0m\u001b[1;34m'text'\u001b[0m\u001b[1;33m)\u001b[0m\u001b[1;33m\u001b[0m\u001b[1;33m\u001b[0m\u001b[0m\n\u001b[0;32m    241\u001b[0m             \u001b[1;32mraise\u001b[0m \u001b[0mexception_class\u001b[0m\u001b[1;33m(\u001b[0m\u001b[0mmessage\u001b[0m\u001b[1;33m,\u001b[0m \u001b[0mscreen\u001b[0m\u001b[1;33m,\u001b[0m \u001b[0mstacktrace\u001b[0m\u001b[1;33m,\u001b[0m \u001b[0malert_text\u001b[0m\u001b[1;33m)\u001b[0m\u001b[1;33m\u001b[0m\u001b[1;33m\u001b[0m\u001b[0m\n\u001b[1;32m--> 242\u001b[1;33m         \u001b[1;32mraise\u001b[0m \u001b[0mexception_class\u001b[0m\u001b[1;33m(\u001b[0m\u001b[0mmessage\u001b[0m\u001b[1;33m,\u001b[0m \u001b[0mscreen\u001b[0m\u001b[1;33m,\u001b[0m \u001b[0mstacktrace\u001b[0m\u001b[1;33m)\u001b[0m\u001b[1;33m\u001b[0m\u001b[1;33m\u001b[0m\u001b[0m\n\u001b[0m\u001b[0;32m    243\u001b[0m \u001b[1;33m\u001b[0m\u001b[0m\n\u001b[0;32m    244\u001b[0m     \u001b[1;32mdef\u001b[0m \u001b[0m_value_or_default\u001b[0m\u001b[1;33m(\u001b[0m\u001b[0mself\u001b[0m\u001b[1;33m,\u001b[0m \u001b[0mobj\u001b[0m\u001b[1;33m,\u001b[0m \u001b[0mkey\u001b[0m\u001b[1;33m,\u001b[0m \u001b[0mdefault\u001b[0m\u001b[1;33m)\u001b[0m\u001b[1;33m:\u001b[0m\u001b[1;33m\u001b[0m\u001b[1;33m\u001b[0m\u001b[0m\n",
      "\u001b[1;31mElementClickInterceptedException\u001b[0m: Message: Element <button class=\"pagination__next\"> is not clickable at point (805,384) because another element <div id=\"_evidon_banner\" class=\"evidon-banner\"> obscures it\n"
     ]
    }
   ],
   "source": [
    "# On charge la page\n",
    "driver.get('https://www.nasdaq.com/market-activity/stocks/aapl/historical/')\n",
    "\n",
    "# On crée un dataframe\n",
    "apple = pd.DataFrame(columns = ['Date','Close/Last','Volume', 'Open', 'Hight', 'Low'])\n",
    "\n",
    "# On laisse la page charger\n",
    "sleep(5)\n",
    "\n",
    "# On clique sur le bouton 1y\n",
    "bouton_1y = driver.find_element_by_xpath('/html/body/div[2]/div/main/div[2]/div[4]/div[3]/div/div[1]/div/div[1]/div[3]/div/div/div/button[4]')\n",
    "bouton_1y.click()\n",
    "sleep(2)\n",
    "\n",
    "# Tant que le bouton n'est pas déactivé \n",
    "is_actived = True\n",
    "\n",
    "while is_actived:\n",
    "\n",
    "    nb_tr = driver.find_element_by_xpath('/html/body/div[2]/div/main/div[2]/div[4]/div[3]/div/div[1]/div/div[1]/div[4]/div[2]/table/tbody[2]')\n",
    "    nb_ligne = nb_tr.text.split('\\n')\n",
    "    row = []\n",
    "    for elt in nb_ligne:\n",
    "        elt = elt.split(' ')\n",
    "        for i in range(len(elt)):\n",
    "            # C'est l'index 2 soit la colonne volume\n",
    "            if i == 2:\n",
    "                elt[i] = int(elt[i].replace(',',''))\n",
    "            # Sinon si l'index n'est pas une date\n",
    "            elif i != 0:\n",
    "                elt[i] = float(elt[i].replace(\"$\",'').replace(',',''))\n",
    "        apple.loc[len(apple)] = elt\n",
    "    \n",
    "    next_page = driver.find_element_by_xpath(\"/html/body/div[2]/div/main/div[2]/div[4]/div[3]/div/div[1]/div/div[1]/div[5]/button[2]\")\n",
    "\n",
    "    # La variable is_disabled prend la valeur de l'attribut \"disabled\" et donc ici soit \"true\" ou \"false\"\n",
    "    is_disabled = next_page.get_attribute(\"disabled\")\n",
    "\n",
    "    # Si la variable is_disabled est égale à true, cela veut dire que nous sommes arrivés à la fin du défilement\n",
    "    # et donc on doit arrêter notre boucle en passant la variable is_actived à false\n",
    "    if is_disabled == \"true\":\n",
    "        is_actived = False\n",
    "    # Sinon, on clique sur l'élément pour aller à la page suivante et continuer le scrapping.\n",
    "    else:\n",
    "        next_page.click()\n",
    "    sleep(6)\n",
    "# J'affiche le dataframe\n",
    "apple"
   ]
  },
  {
   "cell_type": "code",
   "execution_count": 3,
   "metadata": {},
   "outputs": [],
   "source": [
    "#transformation du fichier panda en csv\n",
    "apple.to_csv('apple.csv', index=False)"
   ]
  },
  {
   "cell_type": "code",
   "execution_count": 4,
   "metadata": {},
   "outputs": [],
   "source": [
    "#autre façon de transformer un fichier en csv , non utilisée ici (formule Amaury)\n",
    "\n",
    "def append_list_as_row(nom_csv, liste):\n",
    "    # On ouvre le csv en mode append :\n",
    "    with open(nom_csv, 'a+', newline='') as csvfile:\n",
    "        # Create a writer object from csv module\n",
    "        csv_writer = writer(csvfile)\n",
    "        # Add contents of list as last row in the csv file\n",
    "        csv_writer.writerow(liste)"
   ]
  },
  {
   "cell_type": "code",
   "execution_count": 3,
   "metadata": {},
   "outputs": [],
   "source": [
    "data=pd.read_csv(\"apple.csv\")"
   ]
  },
  {
   "cell_type": "code",
   "execution_count": 4,
   "metadata": {},
   "outputs": [
    {
     "data": {
      "text/html": [
       "<div>\n",
       "<style scoped>\n",
       "    .dataframe tbody tr th:only-of-type {\n",
       "        vertical-align: middle;\n",
       "    }\n",
       "\n",
       "    .dataframe tbody tr th {\n",
       "        vertical-align: top;\n",
       "    }\n",
       "\n",
       "    .dataframe thead th {\n",
       "        text-align: right;\n",
       "    }\n",
       "</style>\n",
       "<table border=\"1\" class=\"dataframe\">\n",
       "  <thead>\n",
       "    <tr style=\"text-align: right;\">\n",
       "      <th></th>\n",
       "      <th>Date</th>\n",
       "      <th>Close/Last</th>\n",
       "      <th>Volume</th>\n",
       "      <th>Open</th>\n",
       "      <th>Hight</th>\n",
       "      <th>Low</th>\n",
       "    </tr>\n",
       "  </thead>\n",
       "  <tbody>\n",
       "    <tr>\n",
       "      <th>0</th>\n",
       "      <td>03/17/2021</td>\n",
       "      <td>124.7600</td>\n",
       "      <td>111932600</td>\n",
       "      <td>124.0500</td>\n",
       "      <td>125.8599</td>\n",
       "      <td>122.3360</td>\n",
       "    </tr>\n",
       "    <tr>\n",
       "      <th>1</th>\n",
       "      <td>03/16/2021</td>\n",
       "      <td>125.5700</td>\n",
       "      <td>115227900</td>\n",
       "      <td>125.7000</td>\n",
       "      <td>127.2200</td>\n",
       "      <td>124.7150</td>\n",
       "    </tr>\n",
       "    <tr>\n",
       "      <th>2</th>\n",
       "      <td>03/15/2021</td>\n",
       "      <td>123.9900</td>\n",
       "      <td>92590560</td>\n",
       "      <td>121.4100</td>\n",
       "      <td>124.0000</td>\n",
       "      <td>120.4200</td>\n",
       "    </tr>\n",
       "    <tr>\n",
       "      <th>3</th>\n",
       "      <td>03/12/2021</td>\n",
       "      <td>121.0300</td>\n",
       "      <td>88105050</td>\n",
       "      <td>120.4000</td>\n",
       "      <td>121.1700</td>\n",
       "      <td>119.1600</td>\n",
       "    </tr>\n",
       "    <tr>\n",
       "      <th>4</th>\n",
       "      <td>03/11/2021</td>\n",
       "      <td>121.9600</td>\n",
       "      <td>103026500</td>\n",
       "      <td>122.5400</td>\n",
       "      <td>123.2100</td>\n",
       "      <td>121.2600</td>\n",
       "    </tr>\n",
       "    <tr>\n",
       "      <th>...</th>\n",
       "      <td>...</td>\n",
       "      <td>...</td>\n",
       "      <td>...</td>\n",
       "      <td>...</td>\n",
       "      <td>...</td>\n",
       "      <td>...</td>\n",
       "    </tr>\n",
       "    <tr>\n",
       "      <th>247</th>\n",
       "      <td>03/24/2020</td>\n",
       "      <td>61.7200</td>\n",
       "      <td>287531080</td>\n",
       "      <td>59.0900</td>\n",
       "      <td>61.9225</td>\n",
       "      <td>58.5750</td>\n",
       "    </tr>\n",
       "    <tr>\n",
       "      <th>248</th>\n",
       "      <td>03/23/2020</td>\n",
       "      <td>56.0925</td>\n",
       "      <td>336752840</td>\n",
       "      <td>57.0200</td>\n",
       "      <td>57.1249</td>\n",
       "      <td>53.1525</td>\n",
       "    </tr>\n",
       "    <tr>\n",
       "      <th>249</th>\n",
       "      <td>03/20/2020</td>\n",
       "      <td>57.3100</td>\n",
       "      <td>401693200</td>\n",
       "      <td>61.7950</td>\n",
       "      <td>62.9575</td>\n",
       "      <td>57.0000</td>\n",
       "    </tr>\n",
       "    <tr>\n",
       "      <th>250</th>\n",
       "      <td>03/19/2020</td>\n",
       "      <td>61.1950</td>\n",
       "      <td>271857040</td>\n",
       "      <td>61.8462</td>\n",
       "      <td>63.2100</td>\n",
       "      <td>60.6525</td>\n",
       "    </tr>\n",
       "    <tr>\n",
       "      <th>251</th>\n",
       "      <td>03/18/2020</td>\n",
       "      <td>61.6675</td>\n",
       "      <td>300233640</td>\n",
       "      <td>59.9425</td>\n",
       "      <td>62.5000</td>\n",
       "      <td>59.2800</td>\n",
       "    </tr>\n",
       "  </tbody>\n",
       "</table>\n",
       "<p>252 rows × 6 columns</p>\n",
       "</div>"
      ],
      "text/plain": [
       "           Date  Close/Last     Volume      Open     Hight       Low\n",
       "0    03/17/2021    124.7600  111932600  124.0500  125.8599  122.3360\n",
       "1    03/16/2021    125.5700  115227900  125.7000  127.2200  124.7150\n",
       "2    03/15/2021    123.9900   92590560  121.4100  124.0000  120.4200\n",
       "3    03/12/2021    121.0300   88105050  120.4000  121.1700  119.1600\n",
       "4    03/11/2021    121.9600  103026500  122.5400  123.2100  121.2600\n",
       "..          ...         ...        ...       ...       ...       ...\n",
       "247  03/24/2020     61.7200  287531080   59.0900   61.9225   58.5750\n",
       "248  03/23/2020     56.0925  336752840   57.0200   57.1249   53.1525\n",
       "249  03/20/2020     57.3100  401693200   61.7950   62.9575   57.0000\n",
       "250  03/19/2020     61.1950  271857040   61.8462   63.2100   60.6525\n",
       "251  03/18/2020     61.6675  300233640   59.9425   62.5000   59.2800\n",
       "\n",
       "[252 rows x 6 columns]"
      ]
     },
     "execution_count": 4,
     "metadata": {},
     "output_type": "execute_result"
    }
   ],
   "source": [
    "data"
   ]
  },
  {
   "cell_type": "code",
   "execution_count": 5,
   "metadata": {},
   "outputs": [
    {
     "data": {
      "text/html": [
       "<div>\n",
       "<style scoped>\n",
       "    .dataframe tbody tr th:only-of-type {\n",
       "        vertical-align: middle;\n",
       "    }\n",
       "\n",
       "    .dataframe tbody tr th {\n",
       "        vertical-align: top;\n",
       "    }\n",
       "\n",
       "    .dataframe thead th {\n",
       "        text-align: right;\n",
       "    }\n",
       "</style>\n",
       "<table border=\"1\" class=\"dataframe\">\n",
       "  <thead>\n",
       "    <tr style=\"text-align: right;\">\n",
       "      <th></th>\n",
       "      <th>Date</th>\n",
       "      <th>Close</th>\n",
       "      <th>Volume</th>\n",
       "      <th>Open</th>\n",
       "      <th>Hight</th>\n",
       "      <th>Low</th>\n",
       "    </tr>\n",
       "  </thead>\n",
       "  <tbody>\n",
       "    <tr>\n",
       "      <th>0</th>\n",
       "      <td>2021-03-17</td>\n",
       "      <td>124.7600</td>\n",
       "      <td>111932600</td>\n",
       "      <td>124.0500</td>\n",
       "      <td>125.8599</td>\n",
       "      <td>122.3360</td>\n",
       "    </tr>\n",
       "    <tr>\n",
       "      <th>1</th>\n",
       "      <td>2021-03-16</td>\n",
       "      <td>125.5700</td>\n",
       "      <td>115227900</td>\n",
       "      <td>125.7000</td>\n",
       "      <td>127.2200</td>\n",
       "      <td>124.7150</td>\n",
       "    </tr>\n",
       "    <tr>\n",
       "      <th>2</th>\n",
       "      <td>2021-03-15</td>\n",
       "      <td>123.9900</td>\n",
       "      <td>92590560</td>\n",
       "      <td>121.4100</td>\n",
       "      <td>124.0000</td>\n",
       "      <td>120.4200</td>\n",
       "    </tr>\n",
       "    <tr>\n",
       "      <th>3</th>\n",
       "      <td>2021-12-03</td>\n",
       "      <td>121.0300</td>\n",
       "      <td>88105050</td>\n",
       "      <td>120.4000</td>\n",
       "      <td>121.1700</td>\n",
       "      <td>119.1600</td>\n",
       "    </tr>\n",
       "    <tr>\n",
       "      <th>4</th>\n",
       "      <td>2021-11-03</td>\n",
       "      <td>121.9600</td>\n",
       "      <td>103026500</td>\n",
       "      <td>122.5400</td>\n",
       "      <td>123.2100</td>\n",
       "      <td>121.2600</td>\n",
       "    </tr>\n",
       "    <tr>\n",
       "      <th>...</th>\n",
       "      <td>...</td>\n",
       "      <td>...</td>\n",
       "      <td>...</td>\n",
       "      <td>...</td>\n",
       "      <td>...</td>\n",
       "      <td>...</td>\n",
       "    </tr>\n",
       "    <tr>\n",
       "      <th>247</th>\n",
       "      <td>2020-03-24</td>\n",
       "      <td>61.7200</td>\n",
       "      <td>287531080</td>\n",
       "      <td>59.0900</td>\n",
       "      <td>61.9225</td>\n",
       "      <td>58.5750</td>\n",
       "    </tr>\n",
       "    <tr>\n",
       "      <th>248</th>\n",
       "      <td>2020-03-23</td>\n",
       "      <td>56.0925</td>\n",
       "      <td>336752840</td>\n",
       "      <td>57.0200</td>\n",
       "      <td>57.1249</td>\n",
       "      <td>53.1525</td>\n",
       "    </tr>\n",
       "    <tr>\n",
       "      <th>249</th>\n",
       "      <td>2020-03-20</td>\n",
       "      <td>57.3100</td>\n",
       "      <td>401693200</td>\n",
       "      <td>61.7950</td>\n",
       "      <td>62.9575</td>\n",
       "      <td>57.0000</td>\n",
       "    </tr>\n",
       "    <tr>\n",
       "      <th>250</th>\n",
       "      <td>2020-03-19</td>\n",
       "      <td>61.1950</td>\n",
       "      <td>271857040</td>\n",
       "      <td>61.8462</td>\n",
       "      <td>63.2100</td>\n",
       "      <td>60.6525</td>\n",
       "    </tr>\n",
       "    <tr>\n",
       "      <th>251</th>\n",
       "      <td>2020-03-18</td>\n",
       "      <td>61.6675</td>\n",
       "      <td>300233640</td>\n",
       "      <td>59.9425</td>\n",
       "      <td>62.5000</td>\n",
       "      <td>59.2800</td>\n",
       "    </tr>\n",
       "  </tbody>\n",
       "</table>\n",
       "<p>252 rows × 6 columns</p>\n",
       "</div>"
      ],
      "text/plain": [
       "          Date     Close     Volume      Open     Hight       Low\n",
       "0   2021-03-17  124.7600  111932600  124.0500  125.8599  122.3360\n",
       "1   2021-03-16  125.5700  115227900  125.7000  127.2200  124.7150\n",
       "2   2021-03-15  123.9900   92590560  121.4100  124.0000  120.4200\n",
       "3   2021-12-03  121.0300   88105050  120.4000  121.1700  119.1600\n",
       "4   2021-11-03  121.9600  103026500  122.5400  123.2100  121.2600\n",
       "..         ...       ...        ...       ...       ...       ...\n",
       "247 2020-03-24   61.7200  287531080   59.0900   61.9225   58.5750\n",
       "248 2020-03-23   56.0925  336752840   57.0200   57.1249   53.1525\n",
       "249 2020-03-20   57.3100  401693200   61.7950   62.9575   57.0000\n",
       "250 2020-03-19   61.1950  271857040   61.8462   63.2100   60.6525\n",
       "251 2020-03-18   61.6675  300233640   59.9425   62.5000   59.2800\n",
       "\n",
       "[252 rows x 6 columns]"
      ]
     },
     "execution_count": 5,
     "metadata": {},
     "output_type": "execute_result"
    }
   ],
   "source": [
    "data_fini = data\n",
    "data_fini = data_fini.rename(columns={'Close/Last':'Close'})\n",
    "data_fini['Date'] = pd.to_datetime(data_fini['Date'], dayfirst = True)\n",
    "data_fini"
   ]
  },
  {
   "cell_type": "code",
   "execution_count": 38,
   "metadata": {},
   "outputs": [],
   "source": [
    "data_fini.to_csv('apple_fini.csv', index=False)"
   ]
  },
  {
   "cell_type": "code",
   "execution_count": 17,
   "metadata": {},
   "outputs": [
    {
     "name": "stderr",
     "output_type": "stream",
     "text": [
      "<ipython-input-17-aad2b174d44d>:6: SettingWithCopyWarning: \n",
      "A value is trying to be set on a copy of a slice from a DataFrame\n",
      "\n",
      "See the caveats in the documentation: https://pandas.pydata.org/pandas-docs/stable/user_guide/indexing.html#returning-a-view-versus-a-copy\n",
      "  data[\"Date\"][index] = data[\"Date\"][index].replace(french_date, english_date)\n"
     ]
    }
   ],
   "source": [
    "for index in data.index:\n",
    "    day = str(data[\"Date\"][index])[:2]\n",
    "    month = str(data[\"Date\"][index])[3:]\n",
    "    french_date = day + \"-\" + month\n",
    "    english_date = \"2021-\" + month + \"-\" + day\n",
    "    data[\"Date\"][index] = data[\"Date\"][index].replace(french_date, english_date)"
   ]
  },
  {
   "cell_type": "code",
   "execution_count": 15,
   "metadata": {},
   "outputs": [
    {
     "data": {
      "text/html": [
       "<div>\n",
       "<style scoped>\n",
       "    .dataframe tbody tr th:only-of-type {\n",
       "        vertical-align: middle;\n",
       "    }\n",
       "\n",
       "    .dataframe tbody tr th {\n",
       "        vertical-align: top;\n",
       "    }\n",
       "\n",
       "    .dataframe thead th {\n",
       "        text-align: right;\n",
       "    }\n",
       "</style>\n",
       "<table border=\"1\" class=\"dataframe\">\n",
       "  <thead>\n",
       "    <tr style=\"text-align: right;\">\n",
       "      <th></th>\n",
       "      <th>Date</th>\n",
       "      <th>Close/Last</th>\n",
       "      <th>Volume</th>\n",
       "      <th>Open</th>\n",
       "      <th>Hight</th>\n",
       "      <th>Low</th>\n",
       "    </tr>\n",
       "  </thead>\n",
       "  <tbody>\n",
       "    <tr>\n",
       "      <th>0</th>\n",
       "      <td>03/17/2021</td>\n",
       "      <td>124.7600</td>\n",
       "      <td>111932600</td>\n",
       "      <td>124.0500</td>\n",
       "      <td>125.8599</td>\n",
       "      <td>122.3360</td>\n",
       "    </tr>\n",
       "    <tr>\n",
       "      <th>1</th>\n",
       "      <td>03/16/2021</td>\n",
       "      <td>125.5700</td>\n",
       "      <td>115227900</td>\n",
       "      <td>125.7000</td>\n",
       "      <td>127.2200</td>\n",
       "      <td>124.7150</td>\n",
       "    </tr>\n",
       "    <tr>\n",
       "      <th>2</th>\n",
       "      <td>03/15/2021</td>\n",
       "      <td>123.9900</td>\n",
       "      <td>92590560</td>\n",
       "      <td>121.4100</td>\n",
       "      <td>124.0000</td>\n",
       "      <td>120.4200</td>\n",
       "    </tr>\n",
       "    <tr>\n",
       "      <th>3</th>\n",
       "      <td>03/12/2021</td>\n",
       "      <td>121.0300</td>\n",
       "      <td>88105050</td>\n",
       "      <td>120.4000</td>\n",
       "      <td>121.1700</td>\n",
       "      <td>119.1600</td>\n",
       "    </tr>\n",
       "    <tr>\n",
       "      <th>4</th>\n",
       "      <td>03/11/2021</td>\n",
       "      <td>121.9600</td>\n",
       "      <td>103026500</td>\n",
       "      <td>122.5400</td>\n",
       "      <td>123.2100</td>\n",
       "      <td>121.2600</td>\n",
       "    </tr>\n",
       "    <tr>\n",
       "      <th>...</th>\n",
       "      <td>...</td>\n",
       "      <td>...</td>\n",
       "      <td>...</td>\n",
       "      <td>...</td>\n",
       "      <td>...</td>\n",
       "      <td>...</td>\n",
       "    </tr>\n",
       "    <tr>\n",
       "      <th>247</th>\n",
       "      <td>03/24/2020</td>\n",
       "      <td>61.7200</td>\n",
       "      <td>287531080</td>\n",
       "      <td>59.0900</td>\n",
       "      <td>61.9225</td>\n",
       "      <td>58.5750</td>\n",
       "    </tr>\n",
       "    <tr>\n",
       "      <th>248</th>\n",
       "      <td>03/23/2020</td>\n",
       "      <td>56.0925</td>\n",
       "      <td>336752840</td>\n",
       "      <td>57.0200</td>\n",
       "      <td>57.1249</td>\n",
       "      <td>53.1525</td>\n",
       "    </tr>\n",
       "    <tr>\n",
       "      <th>249</th>\n",
       "      <td>03/20/2020</td>\n",
       "      <td>57.3100</td>\n",
       "      <td>401693200</td>\n",
       "      <td>61.7950</td>\n",
       "      <td>62.9575</td>\n",
       "      <td>57.0000</td>\n",
       "    </tr>\n",
       "    <tr>\n",
       "      <th>250</th>\n",
       "      <td>03/19/2020</td>\n",
       "      <td>61.1950</td>\n",
       "      <td>271857040</td>\n",
       "      <td>61.8462</td>\n",
       "      <td>63.2100</td>\n",
       "      <td>60.6525</td>\n",
       "    </tr>\n",
       "    <tr>\n",
       "      <th>251</th>\n",
       "      <td>03/18/2020</td>\n",
       "      <td>61.6675</td>\n",
       "      <td>300233640</td>\n",
       "      <td>59.9425</td>\n",
       "      <td>62.5000</td>\n",
       "      <td>59.2800</td>\n",
       "    </tr>\n",
       "  </tbody>\n",
       "</table>\n",
       "<p>252 rows × 6 columns</p>\n",
       "</div>"
      ],
      "text/plain": [
       "           Date  Close/Last     Volume      Open     Hight       Low\n",
       "0    03/17/2021    124.7600  111932600  124.0500  125.8599  122.3360\n",
       "1    03/16/2021    125.5700  115227900  125.7000  127.2200  124.7150\n",
       "2    03/15/2021    123.9900   92590560  121.4100  124.0000  120.4200\n",
       "3    03/12/2021    121.0300   88105050  120.4000  121.1700  119.1600\n",
       "4    03/11/2021    121.9600  103026500  122.5400  123.2100  121.2600\n",
       "..          ...         ...        ...       ...       ...       ...\n",
       "247  03/24/2020     61.7200  287531080   59.0900   61.9225   58.5750\n",
       "248  03/23/2020     56.0925  336752840   57.0200   57.1249   53.1525\n",
       "249  03/20/2020     57.3100  401693200   61.7950   62.9575   57.0000\n",
       "250  03/19/2020     61.1950  271857040   61.8462   63.2100   60.6525\n",
       "251  03/18/2020     61.6675  300233640   59.9425   62.5000   59.2800\n",
       "\n",
       "[252 rows x 6 columns]"
      ]
     },
     "execution_count": 15,
     "metadata": {},
     "output_type": "execute_result"
    }
   ],
   "source": [
    "data"
   ]
  },
  {
   "cell_type": "code",
   "execution_count": null,
   "metadata": {},
   "outputs": [],
   "source": []
  }
 ],
 "metadata": {
  "kernelspec": {
   "display_name": "Python 3",
   "language": "python",
   "name": "python3"
  },
  "language_info": {
   "codemirror_mode": {
    "name": "ipython",
    "version": 3
   },
   "file_extension": ".py",
   "mimetype": "text/x-python",
   "name": "python",
   "nbconvert_exporter": "python",
   "pygments_lexer": "ipython3",
   "version": "3.8.5"
  }
 },
 "nbformat": 4,
 "nbformat_minor": 4
}
